image_width: 960
image_height: 720
camera_name: /tello/camera_front
camera_matrix:
  rows: 3
  cols: 3
  data: [856.543331, 0.000000, 481.980568, 0.000000, 870.678883, 373.514092, 0.000000, 0.000000, 1.000000]
distortion_model: plumb_bob
distortion_coefficients:
  rows: 1
  cols: 5
  data: [-0.089512, 0.196790, -0.001800, 0.012237, 0.000000]
rectification_matrix:
  rows: 3
  cols: 3
  data: [1.000000, 0.000000, 0.000000, 0.000000, 1.000000, 0.000000, 0.000000, 0.000000, 1.000000]
projection_matrix:
  rows: 3
  cols: 4
  data: [859.263062, 0.000000, 492.121589, 0.000000, 0.000000, 881.874268, 371.449338, 0.000000, 0.000000, 0.000000, 1.000000, 0.000000]